1)Linear Regression:

Mean:  5.03101062965231
Std : 1.0613510806521202

2)Decision Tree

Mean:  4.178587183787164
Std : 0.8366939156377691

3)RandomForestRegressor

Mean:  3.291456929191387
Std : 0.6467512684780765
var : 0.41828720327800095